    -41.59      80.69     -46.28      41.90      15.20     -68.58
    -53.15     103.12     -76.12     102.68      10.69     -82.21
     14.58      95.83    -205.72     -13.71      68.78       4.92
     50.16     -74.50     165.35     -23.31    -232.15     117.63
     20.09    -143.67     123.40     -83.39     137.48     -45.85
    -56.29     -69.42     105.49      62.57     188.50    -191.48

     25.17      10.80      90.54      -7.10      46.56      45.04       4.09
     96.05       6.10     121.33      23.65     -23.65      16.77      70.81
      0.00     -46.81     -20.41      18.36      45.93     105.09       1.66
    -10.41     -46.28       4.24      14.61     -22.56     -19.24     -13.80
    -51.18      19.10     -39.04     -26.55      26.30      43.00     -56.76
     94.82     -23.65      -8.44      52.77      15.28      74.66      81.61
      9.57      12.81     -44.87      12.81      20.62     -91.11      20.65

     13.51      15.46      -1.68
     35.35       4.43      16.64
     17.73     -15.31      15.95

   6603.27    3954.30    8471.70    6029.66   -5899.65
 -10666.81    -869.27   -7006.93   -3046.16   -2586.03
    -98.10   -1950.34   -1003.15    -746.92    5975.76
   -992.39   -1263.84   -1479.26   -1006.75    7310.15
  -3985.74   -7136.95  -13519.16  -12525.65   13157.59

   2269.88    8019.06    1999.58   -5276.57
   -763.71   -1994.65   -1357.49    2456.46
   1146.46    4387.79    1830.57   -2385.90
    471.58    7322.23     994.82   -1727.04

    121.74      17.36     -18.68     -43.13     -18.51       5.74
     67.43       0.50     -17.75      -1.71     -48.32      16.02
     18.54     -43.35      48.20     -17.78      -2.72     -65.01
    -15.83     -30.45       2.44      54.58      39.33      57.57
    -13.38      56.34      31.65     -36.12     -40.21      10.16
     40.70     -18.15     -58.19      24.17     -43.55      26.89

   1209.08     925.35     265.87    -879.56    2551.00
  -1196.18    -191.73    -297.71     862.77    -687.59
   -480.64      87.26    -710.82      18.66    -139.62
  -1264.39    -367.88     330.12    1227.56   -1038.47
      5.04     688.96    1326.94     823.26    2065.69

     37.36      46.22     -32.29     -21.13
    -62.30     -15.84     -43.95     -34.89
      3.37     -40.30     -13.84      -0.41
     -6.92     -80.84     -50.60     -14.77

