1998664621246249404453717351943904785056446295614878541094459722214297980620481186399098602353483347
5618621838792512773062860954086408757680327407857350428676651155318826616230310340940931609582845081
9129540652696404213528620329677568587780156419344414485666818851820236562872580076907742792208688349
5991907708985404688631762034417339507212459919919429835550120727239253699959495831158999400550192653
7171365722278940044576232112517132947188920035508862998835732043653772193200489476988653957818214537
3350820623796493609086487847291526754468343211254003404973678127761637042177932828662409023393542283
1297829519415321267696867253732278954048370457495918730653943155699385683608485785125856634700607803
6881112114043806312155716893475524847426729954546894389387791944928945823515133847945484343119382533
1854050157771629415551437788313096572068917546738647993319664049529782884200961225914694063645018171
5226121084551950789805443003817943232086994193689745481791797757918127306479448697741158601839254623
5759359981735084059089086588948267901335702355799494533385152178601729942570046718971298626606844251
1548205653773646875419288689831786872312093403118379408998820626176145589620467183537191180676577267
4019709099510579744833815022376509122876119825413078449450684452317007029439721504191448717312557989
7744986697641521286200753188658012473679360071471820088516680164525302556641740210591728226198560483
3683337659504988071243902897124985977572362602424187248930609710106418688826627404384912070087315541
7377931905145890639390209488248845866785177576763356375494213567962989957962896808865014031232823231
8228697068659542625289625826703705153276676005316778333124815167492163826487442161286530515257201157
3510833469196143684509581385740571491728281714776349744349916222855324437553110313783826840649194899
9765024441296867813837295631732276054798853647776743162787931481760448968412698103988876389425472121
9917276454403258502775745752257777392626407982658962763492993693048372621362586547449049655637653133
2652991569020028818009199164788930945054415353083203091283305922086709127827183717241651123976658409
8929664526805096018123037124756036193279802510362659861453868732456591729222644559366347256275302563
4931172506343383657390317797863897155001706034536816651238798281957468971336537512519945870339044023
8752865658117162273996074363544850735510032587341675155054872614835265710101183775443161630068769623
8265499421793857049922392728353721377358595085224728474167530148970378311403855152539818723793039367
9030359308679489903270344734744591719709624990301072289021057043590453476147086339361539888741953843
2102613670464641760689092799245059344190238633488352866819191287909643140879959363219928769206745219
7722581805947611566620489007816672751077950016315740766107138078582365990400099006769863916018559391
4102009103549254202001676735414416133897278082019213799615374461807323846089195612526176841198602293
4936194261203259460916888193942285650833529578871805181752141378681953569769831171687541274769899583
6891689073905241728249549570652904340326089334762604538578600977091719363987772899231232870934430391
4975970547778191323045688275845549017021632326641534009003939028133054902834719149006300187473456153
5145435192404777615000993311409585998213602235081541914103151658373069068830005365430106419300679613
9646475118495869884751943147818889445670145010336345890568713188803633066148150151518626517436139079
5558257423142476538878031314976743422640433193908084579784963646334134295995401086206870868771196799
1839948341352520207698676545466137740982982824900879946010089503948861345958743004552176125937425321
1515943355663341079610414218416259955258262744658622695445422220449373553759938805648443669543140333
7749316477002416706685734310748786745959978061928933269162198511423777756928083405606333075838140229
9947076764071261177454506979417063757875615900386527411094919920974653498470384866847667816883216833
7101896809564184879217942496059949257124432524867880113218640729804676189501018804857583239950451581
3484200078713969407954097929499478491577381683057362450976820393945691997189015005089838827576543677
2029688047015055666006144666494463271720827400735685331109247818189611405261231358635778456588648953
2615140480216599317410556213738786029167729250299292973039398633427337667517372189697738733781012951
2481981201088976174746379310394813501465288493942061536173619234926485804103404840943811497518539377
7020808183838073482357018967536075088434004560107823061971411735621682219340640540070054011553913289
3685211151445002061614689514400382049915728235962503307453373908319925524571812256384959481471332359
8145828302704585036365462165639086751680022214420077548653623086036589946458840414395878786460449333
8738977752901392721762999770674816695991602987011568145551787607234138426394826617803642699156979003
9281923013001174972481806254290115662996289375144785770229099671594105250514254999296372151517750207
7886024311046369233887773794774666517144116504160722779393807127622365798615978834349595532341470941
