4423
111119777
26118
5171
86278032
31112019
234863
393228108
53570217
74507
34922
1367
397
18107480
17512513
3877
2631
7716
2039
1015
63113015
907
145504
1355727
301073
1113631
18668451
3739
199038646
118111
24239
468623
959216
10141
9882
154
121607
530
5650628
3671
1247167
257238
11173
24402
11546349
1129
75933
78657613
58229
135
10226
12743
12205
3053421
3539
133356
2059
34511
53399175
5200
52369
127229
161215
709
124202
30153467
53
94801
1109118
9839
3126662
103262380
5153
14635911
1708
1811
1491428
246120
7663741
17248
3671
1093
5148187
814762
5381
62829429
10483
1103
4243512
2205750
797
22589659
7659985
3467
8239633
12857795
211
13325
190509052
36713
